0.0067 13.0461 0.2541
0.0101 12.9583 0.2061
0.0134 12.7465 0.2819
0.0168 12.5386 0.3486
0.0201 12.4777 0.2625
0.0235 12.3435 0.2217
0.0268 12.1923 0.2514
0.0302 12.0205 0.2142
0.0336 12.1881 0.1623
0.0369 12.2239 0.1522
0.0403 12.0732 0.1665
0.0436 11.9797 0.1548
0.047 12.062 0.137
0.0503 11.9768 0.138
0.0537 11.8831 0.1184
0.057 11.8352 0.1304
0.0604 11.8112 0.1223
0.0638 11.799 0.1046
0.0671 11.9163 0.1153
0.0705 11.7462 0.1063
0.0738 11.7993 0.0989
0.0772 11.7272 0.117
0.0805 11.6312 0.109
0.0839 11.6757 0.1017
0.0872 11.5872 0.1006
0.0906 11.6091 0.1167
0.094 11.5328 0.1132
0.0973 11.5813 0.0973
0.1007 11.62 0.0872
0.104 11.4499 0.0981
0.1074 11.4116 0.0968
0.1107 11.3615 0.1005
0.1141 11.3115 0.0993
0.1174 11.2493 0.0923
0.1208 11.32 0.0851
0.1242 11.2797 0.0968
0.1275 11.1874 0.0882
0.1309 11.1551 0.0953
0.1342 11.0626 0.0894
0.1376 11.0471 0.0823
0.1409 11.0877 0.0792
0.1443 11.0061 0.0908
0.1477 11.0527 0.0832
0.151 10.9954 0.0764
0.1544 10.923 0.086
0.1577 10.8572 0.078
0.1611 10.8014 0.0858
0.1644 10.842 0.0816
0.1678 10.7289 0.0755
0.1711 10.7142 0.0771
0.1745 10.7187 0.0744
0.1779 10.6351 0.0807
0.1812 10.6277 0.0772
0.1846 10.6704 0.0736
0.1879 10.6542 0.0696
0.1913 10.5713 0.0681
0.1946 10.4405 0.0778
0.198 10.5 0.0743
0.2013 10.3689 0.0699
0.2047 10.3652 0.0724
0.2081 10.3875 0.0692
0.2114 10.3864 0.0691
0.2148 10.3575 0.0692
0.2181 10.2939 0.0656
0.2215 10.1984 0.0692
0.2248 10.1587 0.0658
0.2282 10.1159 0.0691
0.2315 10.1233 0.0648
0.2349 10.0804 0.0652
0.2383 10.0446 0.0604
0.2416 10.0434 0.0638
0.245 10.0362 0.0639
0.2483 10.0058 0.0589
0.2517 9.9765 0.0628
0.255 9.9213 0.0613
0.2584 9.8998 0.0632
0.2617 9.907 0.0657
0.2651 9.8699 0.0597
0.2685 9.847 0.0613
0.2718 9.834 0.0616
0.2752 9.8076 0.0645
0.2785 9.7744 0.0579
0.2819 9.7233 0.0559
0.2852 9.7471 0.0579
0.2886 9.6809 0.0558
0.2919 9.6246 0.0611
0.2953 9.6055 0.0589
0.2987 9.5567 0.0593
0.302 9.5812 0.057
0.3054 9.5787 0.053
0.3087 9.4728 0.0575
0.3121 9.493 0.053
0.3154 9.4415 0.0534
0.3188 9.3721 0.056
0.3221 9.3517 0.0537
0.3255 9.3837 0.0551
0.3289 9.2951 0.056
0.3322 9.3062 0.0538
0.3356 9.3094 0.0557
0.3389 9.2676 0.0568
0.3423 9.2544 0.056
0.3456 9.2231 0.0551
0.349 9.2061 0.0506
0.3523 9.141 0.053
0.3557 9.1209 0.052
0.3591 9.0934 0.0543
0.3624 9.1061 0.0489
0.3658 9.0831 0.0536
0.3691 9.0558 0.0515
0.3725 9.04 0.0502
0.3758 8.9676 0.0531
0.3792 8.9822 0.0521
0.3826 8.9371 0.0539
0.3859 8.8882 0.0531
0.3893 8.9234 0.0519
0.3926 8.9119 0.0472
0.396 8.8855 0.0515
0.3993 8.7997 0.0529
0.4027 8.8032 0.05
0.406 8.8167 0.0492
0.4094 8.7561 0.0532
0.4128 8.7145 0.0553
0.4161 8.756 0.0529
0.4195 8.7002 0.0494
0.4228 8.6812 0.0521
0.4262 8.6682 0.0485
0.4295 8.6616 0.0473
0.4329 8.6146 0.0489
0.4362 8.5985 0.0494
0.4396 8.5833 0.051
0.443 8.5933 0.049
0.4463 8.5572 0.0495
0.4497 8.5286 0.0476
0.453 8.4964 0.0503
0.4564 8.4717 0.0527
0.4597 8.4184 0.0518
0.4631 8.4579 0.0488
0.4664 8.4198 0.048
0.4698 8.4388 0.0461
0.4732 8.4122 0.0476
0.4765 8.3697 0.0486
0.4799 8.3854 0.0478
0.4832 8.3942 0.0469
0.4866 8.3875 0.0485
0.4899 8.3445 0.0483
0.4933 8.3017 0.0513
0.4966 8.2942 0.0509
0.5 8.3007 0.0502
