0.005 27.321 0.5977
0.01 27.7761 0.4326
0.015 27.5531 0.5174
0.02 26.6219 0.783
0.025 26.7342 0.5003
0.03 26.5179 0.3602
0.035 26.4436 0.2853
0.04 26.0691 0.3275
0.045 26.04 0.2204
0.05 25.4461 0.2896
0.055 25.9342 0.2142
0.06 25.0607 0.3258
0.065 25.138 0.3257
0.07 25.1051 0.2083
0.075 24.854 0.3017
0.08 24.7703 0.2363
0.085 24.6034 0.2364
0.09 24.2797 0.25
0.095 24.46 0.2233
0.1 24.1499 0.2845
0.105 24.0459 0.1997
0.11 23.6194 0.2406
0.115 23.809 0.2053
0.12 23.7689 0.1848
0.125 23.7641 0.1418
0.13 23.5708 0.2148
0.135 23.3588 0.1951
0.14 23.2611 0.1872
0.145 23.2752 0.1703
0.15 23.0803 0.1692
0.155 23.1817 0.2003
0.16 23.1272 0.1968
0.165 22.85 0.1815
0.17 22.8405 0.1617
0.175 22.5417 0.1942
0.18 22.7293 0.1641
0.185 22.6384 0.1648
0.19 22.6778 0.1597
0.195 22.3098 0.1776
0.2 22.6207 0.1476
0.205 22.3618 0.1752
0.21 22.3124 0.1732
0.215 22.0634 0.1751
0.22 22.2702 0.1432
0.225 22.0435 0.1483
0.23 22.2101 0.1511
0.235 22.0313 0.15
0.24 21.8766 0.1447
0.245 21.772 0.1623
0.25 21.8456 0.1488
0.255 21.613 0.135
0.26 21.7293 0.1357
0.265 21.7616 0.1272
0.27 21.6132 0.1316
0.275 21.5874 0.1382
0.28 21.6344 0.1154
0.285 21.5085 0.1406
0.29 21.5223 0.135
0.295 21.2176 0.1408
0.3 21.2178 0.1243
0.305 21.3493 0.1243
0.31 21.182 0.1257
0.315 21.1913 0.141
0.32 21.0823 0.1015
0.325 21.1073 0.1252
0.33 20.9661 0.1297
0.335 20.8409 0.122
0.34 20.8951 0.1279
0.345 20.7415 0.1202
0.35 20.9085 0.1108
0.355 20.7188 0.1198
0.36 20.7357 0.117
0.365 20.6689 0.1166
0.37 20.6383 0.1062
0.375 20.6781 0.122
0.38 20.4852 0.1193
0.385 20.4164 0.1064
0.39 20.5517 0.1172
0.395 20.4295 0.1117
0.4 20.305 0.1231
0.405 20.4022 0.1004
0.41 20.199 0.1107
0.415 20.0932 0.1167
0.42 20.1322 0.107
0.425 20.1942 0.103
0.43 20.0482 0.1154
0.435 20.1115 0.1018
0.44 19.9348 0.1047
0.445 19.9213 0.0987
0.45 19.7203 0.1307
0.455 19.8656 0.101
0.46 19.9033 0.113
0.465 19.7821 0.1024
0.47 19.7704 0.1077
0.475 19.6496 0.1092
0.48 19.7003 0.1114
0.485 19.6123 0.1076
0.49 19.4327 0.1041
0.495 19.4569 0.1055
0.5 19.4746 0.0965

